# Created by Octave 4.4.0, Thu Aug 16 23:50:12 2018 GMT <unknown@6G070660H>
# name: c
# type: matrix
# rows: 6
# columns: 3
 1 0 0
 0 1 0
 0 0 1
 1 1 1
 1 1 1
 1 1 1


